400
2214 9987 1569 4706 9817 6639 9421 6824 4678 9110 9364 3322 5669 9348 4639 971 7897 13 7834 8375 1418 7268 1535 1875 7817 4984 6152 7666 7395 4183 2910 8390 83 163 8643 1241 4218 7365 8469 3228 4744 2831 164 6707 6405 9033 3684 8536 2983 104 2452 6622 6429 1665 2376 143 8937 9597 3871 7533 4453 9912 5735 3210 7331 2033 1229 6363 3098 4423 535 4196 6530 592 2572 8754 9228 8633 8118 5963 2686 8067 4243 5192 9806 6906 3615 1608 667 86 9184 5537 1513 7435 8197 2458 9211 8594 2191 1645 7286 9658 7219 4410 7576 6320 7186 5140 2551 4205 3687 4903 7257 8265 1573 824 7955 293 6950 39 2013 915 3792 3559 1442 1315 5173 2540 9748 7651 6592 9071 4494 5853 9116 9663 6523 2616 5436 2155 7749 635 4203 5959 1964 330 1546 2163 6187 1925 8814 6920 9907 9326 8155 6742 6511 4799 4830 6900 9254 1018 9046 2740 7873 5209 5880 9511 3395 7139 2316 8353 1940 1717 1363 218 1184 440 2856 227 5421 2928 5832 1919 3723 8190 6861 6865 1472 340 1238 1704 5490 2979 9646 1433 9459 8419 7746 4252 8633 1357 7957 9302 878 8617 898 7067 7587 7262 9386 1290 1313 8653 760 4841 345 4228 919 859 6882 9256 8488 7676 8456 3304 6068 8197 8624 6059 6520 5967 1323 3771 9139 4296 939 2031 3736 1934 3371 5134 6381 2329 652 3205 341 6755 3806 3667 6892 8201 5536 905 6083 8661 34 4611 4141 3238 1854 6407 5947 681 2237 3805 2544 428 7331 4099 7210 2403 7717 9573 2414 9372 1751 7225 163 3630 1200 4875 3429 4414 1351 7577 3489 651 8935 4547 5278 1998 6001 2726 8866 7619 9624 3348 1107 8107 929 5222 3530 118 3601 4752 3744 4778 7573 9176 458 851 389 5771 4205 9465 8466 1747 6582 1798 8032 5316 1028 6045 5572 5612 8636 1067 1384 4739 3157 7214 1350 231 4020 4951 5586 9359 2238 7318 2954 9188 3635 1982 8730 2753 2554 4950 8914 3220 3470 1484 6561 4582 37 7657 9557 675 6896 5259 546 995 9677 5615 9708 620 3881 2172 838 9426 9935 274 4026 2898 368 123 4121 2493 4996 1336 9695 6385 7033 8115 5903 6303 5038 8248 8044 601 7532 5240 3378 4527 348 4072 6230 2315 7548 6884
0
1 1
1 2
1 3
1 4
1 5
1 6
1 7
1 8
1 9
1 10
1 11
1 12
1 13
1 14
1 15
1 16
1 17
1 18
1 19
1 20
1 21
1 22
1 23
1 24
1 25
1 26
1 27
1 28
1 29
1 30
1 31
1 32
1 33
1 34
1 35
1 36
1 37
1 38
1 39
1 40
1 41
1 42
1 43
1 44
1 45
1 46
1 47
1 48
1 49
1 50
1 51
1 52
1 53
1 54
1 55
1 56
1 57
1 58
1 59
1 60
1 61
1 62
1 63
1 64
1 65
1 66
1 67
1 68
1 69
1 70
1 71
1 72
1 73
1 74
1 75
1 76
1 77
1 78
1 79
1 80
1 81
1 82
1 83
1 84
1 85
1 86
1 87
1 88
1 89
1 90
1 91
1 92
1 93
1 94
1 95
1 96
1 97
1 98
1 99
1 100
1 101
1 102
1 103
1 104
1 105
1 106
1 107
1 108
1 109
1 110
1 111
1 112
1 113
1 114
1 115
1 116
1 117
1 118
1 119
1 120
1 121
1 122
1 123
1 124
1 125
1 126
1 127
1 128
1 129
1 130
1 131
1 132
1 133
1 134
1 135
1 136
1 137
1 138
1 139
1 140
1 141
1 142
1 143
1 144
1 145
1 146
1 147
1 148
1 149
1 150
1 151
1 152
1 153
1 154
1 155
1 156
1 157
1 158
1 159
1 160
1 161
1 162
1 163
1 164
1 165
1 166
1 167
1 168
1 169
1 170
1 171
1 172
1 173
1 174
1 175
1 176
1 177
1 178
1 179
1 180
1 181
1 182
1 183
1 184
1 185
1 186
1 187
1 188
1 189
1 190
1 191
1 192
1 193
1 194
1 195
1 196
1 197
1 198
1 199
1 200
1 201
1 202
1 203
1 204
1 205
1 206
1 207
1 208
1 209
1 210
1 211
1 212
1 213
1 214
1 215
1 216
1 217
1 218
1 219
1 220
1 221
1 222
1 223
1 224
1 225
1 226
1 227
1 228
1 229
1 230
1 231
1 232
1 233
1 234
1 235
1 236
1 237
1 238
1 239
1 240
1 241
1 242
1 243
1 244
1 245
1 246
1 247
1 248
1 249
1 250
1 251
1 252
1 253
1 254
1 255
1 256
1 257
1 258
1 259
1 260
1 261
1 262
1 263
1 264
1 265
1 266
1 267
1 268
1 269
1 270
1 271
1 272
1 273
1 274
1 275
1 276
1 277
1 278
1 279
1 280
1 281
1 282
1 283
1 284
1 285
1 286
1 287
1 288
1 289
1 290
1 291
1 292
1 293
1 294
1 295
1 296
1 297
1 298
1 299
1 300
1 301
1 302
1 303
1 304
1 305
1 306
1 307
1 308
1 309
1 310
1 311
1 312
1 313
1 314
1 315
1 316
1 317
1 318
1 319
1 320
1 321
1 322
1 323
1 324
1 325
1 326
1 327
1 328
1 329
1 330
1 331
1 332
1 333
1 334
1 335
1 336
1 337
1 338
1 339
1 340
1 341
1 342
1 343
1 344
1 345
1 346
1 347
1 348
1 349
1 350
1 351
1 352
1 353
1 354
1 355
1 356
1 357
1 358
1 359
1 360
1 361
1 362
1 363
1 364
1 365
1 366
1 367
1 368
1 369
1 370
1 371
1 372
1 373
1 374
1 375
1 376
1 377
1 378
1 379
1 380
1 381
1 382
1 383
1 384
1 385
1 386
1 387
1 388
1 389
1 390
1 391
1 392
1 393
1 394
1 395
1 396
1 397
1 398
1 399
