400
4242 7611 9617 767 3052 8710 1134 7548 1324 4339 4560 2310 6895 9071 6140 4438 7407 8698 3847 3019 8865 5177 3441 8745 3080 1020 4952 9624 8741 1589 2551 3638 4286 6912 9970 3898 8635 1684 6391 2706 462 184 7445 6206 3777 3119 7620 1666 7867 5765 4279 799 582 5410 4379 8827 536 1570 4057 2342 7759 6539 9351 3652 8928 4761 1501 3695 4861 4366 1187 5459 3190 2474 3511 756 3821 2646 3957 4281 5497 3323 565 2745 1107 2428 4309 2484 5123 9392 407 7257 9570 534 4635 2189 4980 6127 3796 1035 8266 4776 8700 2832 9038 2913 3127 1718 7533 658 6005 9267 9290 5000 6547 2786 170 5152 9532 1570 366 1856 2469 4214 4123 5504 362 2053 3079 3925 1488 1451 1143 5872 4667 2005 6289 4565 4347 6277 6904 6460 237 9641 3420 9180 8617 7503 5371 8173 5848 7736 6082 6268 7292 7333 8687 1413 6985 1284 5504 5406 6411 2460 9937 9653 5128 1034 3347 5268 7752 4891 6959 6548 3052 7662 7488 689 9217 5171 4011 5388 1556 3311 1306 2978 8780 1687 5753 5180 5658 4644 7955 4401 307 3067 4260 3324 5132 5324 8935 5649 3305 650 6794 5455 9665 9706 6897 2274 1826 323 5517 9514 8395 5730 9306 6290 3944 3399 8198 9124 5814 1178 1422 4756 2215 5914 7990 4768 6565 3156 1831 1801 9768 8392 100 8012 4917 5409 6196 5328 2179 3473 8899 1142 665 3767 2024 9622 5924 7247 1587 6052 5164 7265 2589 9317 2020 647 5898 8055 2563 7715 6027 2900 945 6380 3623 3712 7973 5976 8286 6650 8945 841 8742 1869 3845 9071 9965 7528 4667 9596 371 7474 1728 188 5154 6833 115 475 8947 6208 370 7937 4115 1179 1547 5408 9862 2686 8055 9703 2484 2530 843 7904 1467 2300 6723 8476 2557 9370 1064 6593 9049 6116 6532 9273 6922 2973 803 7814 3401 357 6778 8099 4416 6399 6686 1762 5354 4823 5499 7808 4737 1537 8230 3503 738 5988 7206 1214 8219 1986 7080 6442 4400 9738 7329 5654 5354 2944 4580 9858 6091 1285 3746 4733 9249 4591 9874 1597 1516 4670 451 378 188 8155 1485 3054 7152 5679 9327 4200 2268 6054 7041 5567 3825 2807 4994 584 3490 8227 8593 1333 1316 7020 595 1758 5720 826 8205 9464 7406 9486 627 9167
0
1 1
1 2
1 3
1 4
1 5
1 6
1 7
1 8
1 9
1 10
1 11
1 12
1 13
1 14
1 15
1 16
1 17
1 18
1 19
1 20
1 21
1 22
1 23
1 24
1 25
1 26
1 27
1 28
1 29
1 30
1 31
1 32
1 33
1 34
1 35
1 36
1 37
1 38
1 39
1 40
1 41
1 42
1 43
1 44
1 45
1 46
1 47
1 48
1 49
1 50
1 51
1 52
1 53
1 54
1 55
1 56
1 57
1 58
1 59
1 60
1 61
1 62
1 63
1 64
1 65
1 66
1 67
1 68
1 69
1 70
1 71
1 72
1 73
1 74
1 75
1 76
1 77
1 78
1 79
1 80
1 81
1 82
1 83
1 84
1 85
1 86
1 87
1 88
1 89
1 90
1 91
1 92
1 93
1 94
1 95
1 96
1 97
1 98
1 99
1 100
1 101
1 102
1 103
1 104
1 105
1 106
1 107
1 108
1 109
1 110
1 111
1 112
1 113
1 114
1 115
1 116
1 117
1 118
1 119
1 120
1 121
1 122
1 123
1 124
1 125
1 126
1 127
1 128
1 129
1 130
1 131
1 132
1 133
1 134
1 135
1 136
1 137
1 138
1 139
1 140
1 141
1 142
1 143
1 144
1 145
1 146
1 147
1 148
1 149
1 150
1 151
1 152
1 153
1 154
1 155
1 156
1 157
1 158
1 159
1 160
1 161
1 162
1 163
1 164
1 165
1 166
1 167
1 168
1 169
1 170
1 171
1 172
1 173
1 174
1 175
1 176
1 177
1 178
1 179
1 180
1 181
1 182
1 183
1 184
1 185
1 186
1 187
1 188
1 189
1 190
1 191
1 192
1 193
1 194
1 195
1 196
1 197
1 198
1 199
1 200
1 201
1 202
1 203
1 204
1 205
1 206
1 207
1 208
1 209
1 210
1 211
1 212
1 213
1 214
1 215
1 216
1 217
1 218
1 219
1 220
1 221
1 222
1 223
1 224
1 225
1 226
1 227
1 228
1 229
1 230
1 231
1 232
1 233
1 234
1 235
1 236
1 237
1 238
1 239
1 240
1 241
1 242
1 243
1 244
1 245
1 246
1 247
1 248
1 249
1 250
1 251
1 252
1 253
1 254
1 255
1 256
1 257
1 258
1 259
1 260
1 261
1 262
1 263
1 264
1 265
1 266
1 267
1 268
1 269
1 270
1 271
1 272
1 273
1 274
1 275
1 276
1 277
1 278
1 279
1 280
1 281
1 282
1 283
1 284
1 285
1 286
1 287
1 288
1 289
1 290
1 291
1 292
1 293
1 294
1 295
1 296
1 297
1 298
1 299
1 300
1 301
1 302
1 303
1 304
1 305
1 306
1 307
1 308
1 309
1 310
1 311
1 312
1 313
1 314
1 315
1 316
1 317
1 318
1 319
1 320
1 321
1 322
1 323
1 324
1 325
1 326
1 327
1 328
1 329
1 330
1 331
1 332
1 333
1 334
1 335
1 336
1 337
1 338
1 339
1 340
1 341
1 342
1 343
1 344
1 345
1 346
1 347
1 348
1 349
1 350
1 351
1 352
1 353
1 354
1 355
1 356
1 357
1 358
1 359
1 360
1 361
1 362
1 363
1 364
1 365
1 366
1 367
1 368
1 369
1 370
1 371
1 372
1 373
1 374
1 375
1 376
1 377
1 378
1 379
1 380
1 381
1 382
1 383
1 384
1 385
1 386
1 387
1 388
1 389
1 390
1 391
1 392
1 393
1 394
1 395
1 396
1 397
1 398
1 399
