400
4348 921 7054 7345 1628 4834 3696 1637 3460 4427 4925 6944 4446 9769 3278 9553 5138 8928 3874 229 3515 3856 2252 9607 5590 6091 9935 7580 3429 1154 6661 3269 271 5574 8102 1979 9257 1665 5458 1286 1265 4982 882 3812 4429 8975 3 6976 6785 3029 2069 6440 9164 4167 5640 5625 2858 4847 7992 5982 8064 4035 4883 9533 9272 4731 8331 7113 1684 5363 2839 3589 9387 2958 1987 6787 4841 4255 5890 2706 7263 2673 8209 9209 8961 842 6168 394 5178 5034 8997 7285 4385 2473 3858 2682 444 5801 3474 1124 4871 2806 4140 9353 7545 5289 6110 1597 1213 8463 9070 9206 7005 7088 6719 2607 4518 5040 8547 9562 9600 2933 4946 6719 4926 6956 9453 5556 245 4078 5649 9870 585 3018 5848 1432 781 8327 3343 8128 6534 74 532 6336 8065 5241 2469 7724 7024 1925 515 6346 6369 8884 9434 7376 9151 6256 3969 4175 9541 7888 2331 9626 7426 3533 9364 6003 3828 3870 6064 4918 4414 3684 5463 6722 6231 7830 1537 9791 7220 2227 2616 5008 5 7999 7801 2130 7369 6845 9833 3197 3781 6314 7812 5614 3040 368 88 9509 1056 9416 1137 2384 8762 325 6980 2479 1185 2098 6802 1571 4908 943 6748 6490 8807 759 4409 5828 3304 3049 988 222 263 6179 2547 5499 2639 6535 7419 8451 5453 4818 7697 205 7201 4354 627 5469 2725 2132 1394 9538 5122 5559 4541 2153 2653 794 693 726 3384 2363 594 497 530 1680 1406 3475 9643 1445 8426 8884 8003 5019 1728 9570 9563 4372 6694 2512 3683 5141 2940 5444 4168 9728 2814 6347 1651 4585 8986 2116 6965 6228 5478 9106 3590 7608 5092 9959 9996 69 5434 2745 3626 4941 3638 5075 9564 223 4490 5377 8471 1522 4845 4186 1892 4055 8173 6384 7426 9688 4679 5123 1054 1166 8950 5334 4627 1915 9330 1956 8139 680 6518 6150 4792 4325 7139 1079 1240 8145 9623 8342 3671 6143 2806 5569 8102 9856 6138 2147 2410 8300 3338 1648 2542 1166 7327 4631 2946 6753 9905 4836 1646 1199 4760 9960 2343 5645 7690 9267 8664 7614 847 3925 8633 8748 533 9150 5124 1873 9716 292 5182 5398 8106 4317 2900 3819 213 9256 1036 1384 6871 9696 9120 2695 731 6748 5944 177 6023 3555 2925 3363 2960 1316
0
1 1
1 2
1 3
1 4
1 5
1 6
1 7
1 8
1 9
1 10
1 11
1 12
1 13
1 14
1 15
1 16
1 17
1 18
1 19
1 20
1 21
1 22
1 23
1 24
1 25
1 26
1 27
1 28
1 29
1 30
1 31
1 32
1 33
1 34
1 35
1 36
1 37
1 38
1 39
1 40
1 41
1 42
1 43
1 44
1 45
1 46
1 47
1 48
1 49
1 50
1 51
1 52
1 53
1 54
1 55
1 56
1 57
1 58
1 59
1 60
1 61
1 62
1 63
1 64
1 65
1 66
1 67
1 68
1 69
1 70
1 71
1 72
1 73
1 74
1 75
1 76
1 77
1 78
1 79
1 80
1 81
1 82
1 83
1 84
1 85
1 86
1 87
1 88
1 89
1 90
1 91
1 92
1 93
1 94
1 95
1 96
1 97
1 98
1 99
1 100
1 101
1 102
1 103
1 104
1 105
1 106
1 107
1 108
1 109
1 110
1 111
1 112
1 113
1 114
1 115
1 116
1 117
1 118
1 119
1 120
1 121
1 122
1 123
1 124
1 125
1 126
1 127
1 128
1 129
1 130
1 131
1 132
1 133
1 134
1 135
1 136
1 137
1 138
1 139
1 140
1 141
1 142
1 143
1 144
1 145
1 146
1 147
1 148
1 149
1 150
1 151
1 152
1 153
1 154
1 155
1 156
1 157
1 158
1 159
1 160
1 161
1 162
1 163
1 164
1 165
1 166
1 167
1 168
1 169
1 170
1 171
1 172
1 173
1 174
1 175
1 176
1 177
1 178
1 179
1 180
1 181
1 182
1 183
1 184
1 185
1 186
1 187
1 188
1 189
1 190
1 191
1 192
1 193
1 194
1 195
1 196
1 197
1 198
1 199
1 200
1 201
1 202
1 203
1 204
1 205
1 206
1 207
1 208
1 209
1 210
1 211
1 212
1 213
1 214
1 215
1 216
1 217
1 218
1 219
1 220
1 221
1 222
1 223
1 224
1 225
1 226
1 227
1 228
1 229
1 230
1 231
1 232
1 233
1 234
1 235
1 236
1 237
1 238
1 239
1 240
1 241
1 242
1 243
1 244
1 245
1 246
1 247
1 248
1 249
1 250
1 251
1 252
1 253
1 254
1 255
1 256
1 257
1 258
1 259
1 260
1 261
1 262
1 263
1 264
1 265
1 266
1 267
1 268
1 269
1 270
1 271
1 272
1 273
1 274
1 275
1 276
1 277
1 278
1 279
1 280
1 281
1 282
1 283
1 284
1 285
1 286
1 287
1 288
1 289
1 290
1 291
1 292
1 293
1 294
1 295
1 296
1 297
1 298
1 299
1 300
1 301
1 302
1 303
1 304
1 305
1 306
1 307
1 308
1 309
1 310
1 311
1 312
1 313
1 314
1 315
1 316
1 317
1 318
1 319
1 320
1 321
1 322
1 323
1 324
1 325
1 326
1 327
1 328
1 329
1 330
1 331
1 332
1 333
1 334
1 335
1 336
1 337
1 338
1 339
1 340
1 341
1 342
1 343
1 344
1 345
1 346
1 347
1 348
1 349
1 350
1 351
1 352
1 353
1 354
1 355
1 356
1 357
1 358
1 359
1 360
1 361
1 362
1 363
1 364
1 365
1 366
1 367
1 368
1 369
1 370
1 371
1 372
1 373
1 374
1 375
1 376
1 377
1 378
1 379
1 380
1 381
1 382
1 383
1 384
1 385
1 386
1 387
1 388
1 389
1 390
1 391
1 392
1 393
1 394
1 395
1 396
1 397
1 398
1 399
