397
7263 8558 5539 7539 2468 417 6159 6328 4479 1626 7623 3788 9058 3211 1321 5087 9740 9902 8861 7388 9091 613 6532 1792 5486 8628 8474 6532 1261 6654 6290 8772 2492 8700 873 8741 1154 9433 6754 8703 2248 5106 846 3324 7119 1637 4719 7008 6943 9004 6218 4144 8417 7413 8138 7176 6861 6967 5945 7444 2598 4224 8309 6797 9572 1380 4852 8598 6174 2313 676 2732 2334 9510 5446 968 5180 3442 6004 9368 4982 3052 3429 9861 683 8338 7516 5265 2713 4968 1109 7851 9440 5019 9937 4033 1171 406 9402 430 1167 2017 6934 8984 4745 1246 517 7772 1879 4941 3537 2049 8278 5093 8840 3009 5400 9423 4208 5117 6653 4494 1554 4261 4719 4381 8958 7650 4732 1191 6401 3764 9554 5870 9986 8266 9697 2167 2577 7646 4169 5233 651 4825 449 9062 2180 7136 9765 7743 3748 4459 7466 9476 5396 6672 2652 9420 2964 8477 1568 2439 1606 2209 5786 83 5940 1944 2186 9544 7552 7031 768 444 9518 260 8853 6057 1400 2949 4780 4221 2956 1066 6436 8970 5648 8115 3419 8187 8626 1014 3173 9950 9312 4416 4287 839 1129 4171 2828 4629 3699 75 5941 3259 3128 9660 6099 4255 2518 563 3304 3828 2064 978 3198 2379 8625 4849 5680 3996 2421 6928 3403 5810 4800 2446 1151 9136 8494 2416 5594 2015 5461 801 5011 1176 6258 763 913 6296 1588 4004 7066 366 5294 591 3506 3749 6514 8212 9743 6414 1846 6101 3694 9001 8391 3300 9540 5638 4823 5497 9834 5078 9485 4249 6696 3405 6649 7068 9509 4208 2499 1833 4793 3011 1821 3960 5138 5623 6132 5924 6432 8490 7123 2848 889 2506 2932 6105 7810 857 1731 6132 4084 4547 9076 7979 6180 3658 7254 2682 2519 1049 7127 7411 7888 5858 1577 5792 1201 3283 6839 6924 9345 6225 2499 9789 7790 6290 3387 7258 7608 1275 451 8541 4863 838 704 6180 142 9279 6951 6753 2761 6602 998 3781 1238 4702 9481 3941 1616 4029 8268 9084 4332 5338 2226 3792 7289 1711 2606 5777 3694 9331 1973 5644 4563 2116 317 3548 4433 4349 6042 7810 9761 4941 1549 7490 5740 959 1086 6716 3146 8872 8446 9846 2334 8230 384 9134 6055 4059 9337 7757 4370 5947 266 323 9946 852 1472 5993 7016
0
1 1
1 1
1 1
3 2 3 4
1 5
1 5
1 5
3 6 7 8
1 9
1 9
1 9
3 10 11 12
1 13
1 13
1 13
3 14 15 16
1 17
1 17
1 17
3 18 19 20
1 21
1 21
1 21
3 22 23 24
1 25
1 25
1 25
3 26 27 28
1 29
1 29
1 29
3 30 31 32
1 33
1 33
1 33
3 34 35 36
1 37
1 37
1 37
3 38 39 40
1 41
1 41
1 41
3 42 43 44
1 45
1 45
1 45
3 46 47 48
1 49
1 49
1 49
3 50 51 52
1 53
1 53
1 53
3 54 55 56
1 57
1 57
1 57
3 58 59 60
1 61
1 61
1 61
3 62 63 64
1 65
1 65
1 65
3 66 67 68
1 69
1 69
1 69
3 70 71 72
1 73
1 73
1 73
3 74 75 76
1 77
1 77
1 77
3 78 79 80
1 81
1 81
1 81
3 82 83 84
1 85
1 85
1 85
3 86 87 88
1 89
1 89
1 89
3 90 91 92
1 93
1 93
1 93
3 94 95 96
1 97
1 97
1 97
3 98 99 100
1 101
1 101
1 101
3 102 103 104
1 105
1 105
1 105
3 106 107 108
1 109
1 109
1 109
3 110 111 112
1 113
1 113
1 113
3 114 115 116
1 117
1 117
1 117
3 118 119 120
1 121
1 121
1 121
3 122 123 124
1 125
1 125
1 125
3 126 127 128
1 129
1 129
1 129
3 130 131 132
1 133
1 133
1 133
3 134 135 136
1 137
1 137
1 137
3 138 139 140
1 141
1 141
1 141
3 142 143 144
1 145
1 145
1 145
3 146 147 148
1 149
1 149
1 149
3 150 151 152
1 153
1 153
1 153
3 154 155 156
1 157
1 157
1 157
3 158 159 160
1 161
1 161
1 161
3 162 163 164
1 165
1 165
1 165
3 166 167 168
1 169
1 169
1 169
3 170 171 172
1 173
1 173
1 173
3 174 175 176
1 177
1 177
1 177
3 178 179 180
1 181
1 181
1 181
3 182 183 184
1 185
1 185
1 185
3 186 187 188
1 189
1 189
1 189
3 190 191 192
1 193
1 193
1 193
3 194 195 196
1 197
1 197
1 197
3 198 199 200
1 201
1 201
1 201
3 202 203 204
1 205
1 205
1 205
3 206 207 208
1 209
1 209
1 209
3 210 211 212
1 213
1 213
1 213
3 214 215 216
1 217
1 217
1 217
3 218 219 220
1 221
1 221
1 221
3 222 223 224
1 225
1 225
1 225
3 226 227 228
1 229
1 229
1 229
3 230 231 232
1 233
1 233
1 233
3 234 235 236
1 237
1 237
1 237
3 238 239 240
1 241
1 241
1 241
3 242 243 244
1 245
1 245
1 245
3 246 247 248
1 249
1 249
1 249
3 250 251 252
1 253
1 253
1 253
3 254 255 256
1 257
1 257
1 257
3 258 259 260
1 261
1 261
1 261
3 262 263 264
1 265
1 265
1 265
3 266 267 268
1 269
1 269
1 269
3 270 271 272
1 273
1 273
1 273
3 274 275 276
1 277
1 277
1 277
3 278 279 280
1 281
1 281
1 281
3 282 283 284
1 285
1 285
1 285
3 286 287 288
1 289
1 289
1 289
3 290 291 292
1 293
1 293
1 293
3 294 295 296
1 297
1 297
1 297
3 298 299 300
1 301
1 301
1 301
3 302 303 304
1 305
1 305
1 305
3 306 307 308
1 309
1 309
1 309
3 310 311 312
1 313
1 313
1 313
3 314 315 316
1 317
1 317
1 317
3 318 319 320
1 321
1 321
1 321
3 322 323 324
1 325
1 325
1 325
3 326 327 328
1 329
1 329
1 329
3 330 331 332
1 333
1 333
1 333
3 334 335 336
1 337
1 337
1 337
3 338 339 340
1 341
1 341
1 341
3 342 343 344
1 345
1 345
1 345
3 346 347 348
1 349
1 349
1 349
3 350 351 352
1 353
1 353
1 353
3 354 355 356
1 357
1 357
1 357
3 358 359 360
1 361
1 361
1 361
3 362 363 364
1 365
1 365
1 365
3 366 367 368
1 369
1 369
1 369
3 370 371 372
1 373
1 373
1 373
3 374 375 376
1 377
1 377
1 377
3 378 379 380
1 381
1 381
1 381
3 382 383 384
1 385
1 385
1 385
3 386 387 388
1 389
1 389
1 389
3 390 391 392
1 393
1 393
1 393
3 394 395 396
