397
2779 1547 4314 1433 7321 433 7324 994 5636 3640 3703 2378 6787 2198 9376 7120 1088 471 3031 4909 9515 9242 8150 4201 9101 1571 6934 3183 5098 2236 9140 8665 5533 6609 1499 7001 6658 4099 5700 795 1625 4453 2406 8893 7926 5474 9337 8162 9990 6363 4505 7341 7521 4578 3037 9929 1161 685 7309 6613 7905 8334 634 8514 5076 5938 7981 436 8223 3818 4168 8674 7119 9511 4133 8798 3480 4315 1959 4881 2566 9540 9283 9320 3055 1620 7249 3867 9542 5763 165 8630 1941 1370 7254 8487 7346 7163 1562 3312 8853 7107 6010 2521 4956 7738 2030 5436 3622 3019 7674 9808 4913 3039 4774 3323 7780 7114 2421 2517 8722 6247 1879 9935 3330 74 1771 6686 9915 4966 6401 73 5036 7881 5366 3862 117 2657 5167 5160 1455 7909 6712 5658 4837 2337 469 8361 6005 6269 6563 5626 7620 2950 3089 4919 691 705 875 8450 2365 4754 6204 2749 883 8575 1839 3195 4080 6879 9748 1619 5850 746 2066 6156 8686 9924 7183 833 9986 4080 3488 6902 3365 4046 4426 8337 5476 5706 3637 6456 5836 2482 7134 8334 3619 8953 3135 2591 5206 6468 6620 3208 7985 8808 3580 1117 9637 8926 9187 9405 2355 1120 9473 5643 5045 5547 7086 518 6242 7469 8352 4131 8705 1338 6232 1848 1774 5802 3405 4856 247 1867 6436 1939 6547 3058 8670 544 1302 1011 6954 7213 7327 4157 9321 2148 475 5234 8536 5227 2562 9114 2331 8496 6690 1432 3060 6253 4711 9353 8473 4176 6584 5576 158 8828 2288 6918 6012 6155 8529 9444 5588 17 1779 829 281 8143 968 581 1276 4707 8941 7080 881 3097 4958 1434 6123 2112 523 653 6544 4784 1651 1701 1663 8226 9830 2677 1197 4854 1780 7785 7078 4619 113 9510 7696 3924 6505 1297 5299 1650 5899 9891 7808 7629 547 8938 1773 7222 5293 6239 1703 1209 9053 7817 4193 8709 5881 3623 6205 3699 7382 4386 9233 6065 8986 7639 6074 8868 3801 1003 9416 8551 7257 6152 8583 9722 9030 2628 3564 2701 8150 5830 3832 4802 3791 8648 9871 7393 5428 2890 7893 3424 6798 4559 78 7867 3368 3840 8106 691 6845 7668 9224 8093 7810 371 7725 8985 8985 965 5753 9522 59 436 6931 837 5121 5324 2893 1391 1829
0
1 1
1 1
1 1
3 2 3 4
1 5
1 5
1 5
3 6 7 8
1 9
1 9
1 9
3 10 11 12
1 13
1 13
1 13
3 14 15 16
1 17
1 17
1 17
3 18 19 20
1 21
1 21
1 21
3 22 23 24
1 25
1 25
1 25
3 26 27 28
1 29
1 29
1 29
3 30 31 32
1 33
1 33
1 33
3 34 35 36
1 37
1 37
1 37
3 38 39 40
1 41
1 41
1 41
3 42 43 44
1 45
1 45
1 45
3 46 47 48
1 49
1 49
1 49
3 50 51 52
1 53
1 53
1 53
3 54 55 56
1 57
1 57
1 57
3 58 59 60
1 61
1 61
1 61
3 62 63 64
1 65
1 65
1 65
3 66 67 68
1 69
1 69
1 69
3 70 71 72
1 73
1 73
1 73
3 74 75 76
1 77
1 77
1 77
3 78 79 80
1 81
1 81
1 81
3 82 83 84
1 85
1 85
1 85
3 86 87 88
1 89
1 89
1 89
3 90 91 92
1 93
1 93
1 93
3 94 95 96
1 97
1 97
1 97
3 98 99 100
1 101
1 101
1 101
3 102 103 104
1 105
1 105
1 105
3 106 107 108
1 109
1 109
1 109
3 110 111 112
1 113
1 113
1 113
3 114 115 116
1 117
1 117
1 117
3 118 119 120
1 121
1 121
1 121
3 122 123 124
1 125
1 125
1 125
3 126 127 128
1 129
1 129
1 129
3 130 131 132
1 133
1 133
1 133
3 134 135 136
1 137
1 137
1 137
3 138 139 140
1 141
1 141
1 141
3 142 143 144
1 145
1 145
1 145
3 146 147 148
1 149
1 149
1 149
3 150 151 152
1 153
1 153
1 153
3 154 155 156
1 157
1 157
1 157
3 158 159 160
1 161
1 161
1 161
3 162 163 164
1 165
1 165
1 165
3 166 167 168
1 169
1 169
1 169
3 170 171 172
1 173
1 173
1 173
3 174 175 176
1 177
1 177
1 177
3 178 179 180
1 181
1 181
1 181
3 182 183 184
1 185
1 185
1 185
3 186 187 188
1 189
1 189
1 189
3 190 191 192
1 193
1 193
1 193
3 194 195 196
1 197
1 197
1 197
3 198 199 200
1 201
1 201
1 201
3 202 203 204
1 205
1 205
1 205
3 206 207 208
1 209
1 209
1 209
3 210 211 212
1 213
1 213
1 213
3 214 215 216
1 217
1 217
1 217
3 218 219 220
1 221
1 221
1 221
3 222 223 224
1 225
1 225
1 225
3 226 227 228
1 229
1 229
1 229
3 230 231 232
1 233
1 233
1 233
3 234 235 236
1 237
1 237
1 237
3 238 239 240
1 241
1 241
1 241
3 242 243 244
1 245
1 245
1 245
3 246 247 248
1 249
1 249
1 249
3 250 251 252
1 253
1 253
1 253
3 254 255 256
1 257
1 257
1 257
3 258 259 260
1 261
1 261
1 261
3 262 263 264
1 265
1 265
1 265
3 266 267 268
1 269
1 269
1 269
3 270 271 272
1 273
1 273
1 273
3 274 275 276
1 277
1 277
1 277
3 278 279 280
1 281
1 281
1 281
3 282 283 284
1 285
1 285
1 285
3 286 287 288
1 289
1 289
1 289
3 290 291 292
1 293
1 293
1 293
3 294 295 296
1 297
1 297
1 297
3 298 299 300
1 301
1 301
1 301
3 302 303 304
1 305
1 305
1 305
3 306 307 308
1 309
1 309
1 309
3 310 311 312
1 313
1 313
1 313
3 314 315 316
1 317
1 317
1 317
3 318 319 320
1 321
1 321
1 321
3 322 323 324
1 325
1 325
1 325
3 326 327 328
1 329
1 329
1 329
3 330 331 332
1 333
1 333
1 333
3 334 335 336
1 337
1 337
1 337
3 338 339 340
1 341
1 341
1 341
3 342 343 344
1 345
1 345
1 345
3 346 347 348
1 349
1 349
1 349
3 350 351 352
1 353
1 353
1 353
3 354 355 356
1 357
1 357
1 357
3 358 359 360
1 361
1 361
1 361
3 362 363 364
1 365
1 365
1 365
3 366 367 368
1 369
1 369
1 369
3 370 371 372
1 373
1 373
1 373
3 374 375 376
1 377
1 377
1 377
3 378 379 380
1 381
1 381
1 381
3 382 383 384
1 385
1 385
1 385
3 386 387 388
1 389
1 389
1 389
3 390 391 392
1 393
1 393
1 393
3 394 395 396
