397
1 4603 619 458 1 4003 2411 1851 1 54 2632 9494 1 4723 3729 1513 1 1289 4015 1673 1 10 5517 3592 1 4599 6940 6088 1 6509 369 5788 1 621 6614 6306 1 6522 673 682 1 949 4 765 1 3291 37 6458 1 811 1563 5326 1 6885 8786 8447 1 4139 3796 3359 1 6791 4671 7884 1 1556 5893 4530 1 8188 3013 4056 1 5258 978 6078 1 3988 7725 5745 1 8350 7557 2806 1 8217 8827 4050 1 9305 7889 5074 1 1044 9174 2991 1 8600 1047 7394 1 3642 3228 7647 1 1505 3299 3021 1 8646 2645 6574 1 3491 9808 5942 1 4327 7869 9876 1 9369 6596 6573 1 4137 3263 5411 1 7911 8644 7581 1 3391 9844 4578 1 7121 7946 7185 1 7813 6631 2358 1 6758 3208 6232 1 2120 8261 4309 1 7978 9759 2153 1 5421 6076 5810 1 7052 261 5875 1 3868 3946 1019 1 9111 3642 1102 1 4165 4967 55 1 5921 5585 4378 1 9257 5302 8950 1 2607 532 2642 1 6851 7634 5638 1 2084 3057 8673 1 1163 5548 5824 1 3015 3113 4292 1 5568 4534 3463 1 8987 291 86 1 5387 9140 2962 1 361 5618 2888 1 7967 8284 5620 1 4990 8335 440 1 856 5991 8143 1 58 9474 5889 1 2256 7752 58 1 7805 7415 4573 1 8526 8343 4018 1 8856 4257 3774 1 3925 1127 6799 1 3994 9574 4007 1 6021 5707 9346 1 6950 5 3910 1 9626 4973 3172 1 9782 1294 2238 1 632 5319 8287 1 2325 6731 8332 1 5719 2224 5155 1 1484 3789 6971 1 7685 4555 4626 1 1396 1209 3939 1 2280 6008 1062 1 7280 4583 8947 1 4004 1668 3582 1 3083 2997 9588 1 8777 8179 3734 1 370 556 8396 1 3639 2854 133 1 8548 5432 7348 1 6479 2167 5158 1 1438 9653 1757 1 7749 2212 7460 1 4112 7307 7534 1 7219 9127 3060 1 3738 4215 8522 1 7199 6226 4940 1 7545 9715 6173 1 4114 7644 4799 1 9381 3515 9119 1 912 3123 5774 1 131 5029 7869 1 3880 414 5072 1 232 271 1600 1 6210 2248 887 1 3852 8909 6124 1
0
1 1
1 1
1 1
3 2 3 4
1 5
1 5
1 5
3 6 7 8
1 9
1 9
1 9
3 10 11 12
1 13
1 13
1 13
3 14 15 16
1 17
1 17
1 17
3 18 19 20
1 21
1 21
1 21
3 22 23 24
1 25
1 25
1 25
3 26 27 28
1 29
1 29
1 29
3 30 31 32
1 33
1 33
1 33
3 34 35 36
1 37
1 37
1 37
3 38 39 40
1 41
1 41
1 41
3 42 43 44
1 45
1 45
1 45
3 46 47 48
1 49
1 49
1 49
3 50 51 52
1 53
1 53
1 53
3 54 55 56
1 57
1 57
1 57
3 58 59 60
1 61
1 61
1 61
3 62 63 64
1 65
1 65
1 65
3 66 67 68
1 69
1 69
1 69
3 70 71 72
1 73
1 73
1 73
3 74 75 76
1 77
1 77
1 77
3 78 79 80
1 81
1 81
1 81
3 82 83 84
1 85
1 85
1 85
3 86 87 88
1 89
1 89
1 89
3 90 91 92
1 93
1 93
1 93
3 94 95 96
1 97
1 97
1 97
3 98 99 100
1 101
1 101
1 101
3 102 103 104
1 105
1 105
1 105
3 106 107 108
1 109
1 109
1 109
3 110 111 112
1 113
1 113
1 113
3 114 115 116
1 117
1 117
1 117
3 118 119 120
1 121
1 121
1 121
3 122 123 124
1 125
1 125
1 125
3 126 127 128
1 129
1 129
1 129
3 130 131 132
1 133
1 133
1 133
3 134 135 136
1 137
1 137
1 137
3 138 139 140
1 141
1 141
1 141
3 142 143 144
1 145
1 145
1 145
3 146 147 148
1 149
1 149
1 149
3 150 151 152
1 153
1 153
1 153
3 154 155 156
1 157
1 157
1 157
3 158 159 160
1 161
1 161
1 161
3 162 163 164
1 165
1 165
1 165
3 166 167 168
1 169
1 169
1 169
3 170 171 172
1 173
1 173
1 173
3 174 175 176
1 177
1 177
1 177
3 178 179 180
1 181
1 181
1 181
3 182 183 184
1 185
1 185
1 185
3 186 187 188
1 189
1 189
1 189
3 190 191 192
1 193
1 193
1 193
3 194 195 196
1 197
1 197
1 197
3 198 199 200
1 201
1 201
1 201
3 202 203 204
1 205
1 205
1 205
3 206 207 208
1 209
1 209
1 209
3 210 211 212
1 213
1 213
1 213
3 214 215 216
1 217
1 217
1 217
3 218 219 220
1 221
1 221
1 221
3 222 223 224
1 225
1 225
1 225
3 226 227 228
1 229
1 229
1 229
3 230 231 232
1 233
1 233
1 233
3 234 235 236
1 237
1 237
1 237
3 238 239 240
1 241
1 241
1 241
3 242 243 244
1 245
1 245
1 245
3 246 247 248
1 249
1 249
1 249
3 250 251 252
1 253
1 253
1 253
3 254 255 256
1 257
1 257
1 257
3 258 259 260
1 261
1 261
1 261
3 262 263 264
1 265
1 265
1 265
3 266 267 268
1 269
1 269
1 269
3 270 271 272
1 273
1 273
1 273
3 274 275 276
1 277
1 277
1 277
3 278 279 280
1 281
1 281
1 281
3 282 283 284
1 285
1 285
1 285
3 286 287 288
1 289
1 289
1 289
3 290 291 292
1 293
1 293
1 293
3 294 295 296
1 297
1 297
1 297
3 298 299 300
1 301
1 301
1 301
3 302 303 304
1 305
1 305
1 305
3 306 307 308
1 309
1 309
1 309
3 310 311 312
1 313
1 313
1 313
3 314 315 316
1 317
1 317
1 317
3 318 319 320
1 321
1 321
1 321
3 322 323 324
1 325
1 325
1 325
3 326 327 328
1 329
1 329
1 329
3 330 331 332
1 333
1 333
1 333
3 334 335 336
1 337
1 337
1 337
3 338 339 340
1 341
1 341
1 341
3 342 343 344
1 345
1 345
1 345
3 346 347 348
1 349
1 349
1 349
3 350 351 352
1 353
1 353
1 353
3 354 355 356
1 357
1 357
1 357
3 358 359 360
1 361
1 361
1 361
3 362 363 364
1 365
1 365
1 365
3 366 367 368
1 369
1 369
1 369
3 370 371 372
1 373
1 373
1 373
3 374 375 376
1 377
1 377
1 377
3 378 379 380
1 381
1 381
1 381
3 382 383 384
1 385
1 385
1 385
3 386 387 388
1 389
1 389
1 389
3 390 391 392
1 393
1 393
1 393
3 394 395 396
