397
1 7631 9527 5414 1 2336 5760 2771 1 2538 24 9353 1 2556 7838 4217 1 4041 4455 9562 1 3527 3050 9363 1 3350 6713 7752 1 8957 9816 9442 1 6179 9547 3998 1 5475 1243 6478 1 6110 6674 6869 1 5798 1190 4857 1 6901 2545 3588 1 8903 4038 5848 1 8810 246 5574 1 1985 5696 9340 1 2795 1832 8216 1 7375 1702 7860 1 8726 2102 6361 1 7672 7401 3221 1 608 2269 3455 1 7957 9105 1634 1 7432 2698 9145 1 7441 9960 7456 1 5416 6550 3732 1 567 3769 9660 1 7708 7267 6384 1 9981 4427 5698 1 2478 3797 8163 1 7634 5338 4702 1 3862 9961 5540 1 8502 1612 1573 1 4540 4510 401 1 2083 8037 7847 1 6970 591 1097 1 1156 9538 8813 1 6504 2548 1320 1 3116 8883 1486 1 8887 9724 8395 1 3312 6246 5385 1 2001 1449 3438 1 9361 3521 5747 1 4952 9729 6787 1 6219 1276 1300 1 757 4937 6672 1 9108 9049 2932 1 8183 1867 2765 1 2355 3450 9047 1 5797 9080 3683 1 477 907 3664 1 5994 695 7593 1 302 4106 7739 1 9704 3161 2027 1 477 7906 7013 1 5200 8196 6942 1 3799 2678 9570 1 7152 8104 8236 1 4041 7713 346 1 4997 4624 5262 1 5219 2021 7846 1 5622 2752 7838 1 8017 7190 6899 1 1807 9001 1779 1 8878 8853 1164 1 1101 2178 7180 1 1647 7351 1035 1 8075 9689 8636 1 3621 7246 6740 1 664 345 2386 1 5817 2423 7129 1 3916 69 8227 1 5908 5455 5540 1 1315 6325 8448 1 7535 6408 8329 1 9775 3114 6727 1 7874 5163 788 1 3188 1397 3316 1 5976 5507 6134 1 6136 5214 9262 1 7126 2308 944 1 7321 5257 7788 1 7712 3046 7309 1 8745 1425 3717 1 9516 7889 7845 1 4466 1932 334 1 2688 2775 8290 1 8386 529 5950 1 8676 3845 6051 1 1156 5980 4724 1 9360 5183 6745 1 1413 9438 8037 1 5123 3635 4391 1 1104 9020 5257 1 1718 1124 6459 1 3459 4814 2625 1 6551 555 8692 1 6260 8037 7144 1 6801 9293 7181 1 9269 7799 1016 1
0
1 1
1 1
1 1
3 2 3 4
1 5
1 5
1 5
3 6 7 8
1 9
1 9
1 9
3 10 11 12
1 13
1 13
1 13
3 14 15 16
1 17
1 17
1 17
3 18 19 20
1 21
1 21
1 21
3 22 23 24
1 25
1 25
1 25
3 26 27 28
1 29
1 29
1 29
3 30 31 32
1 33
1 33
1 33
3 34 35 36
1 37
1 37
1 37
3 38 39 40
1 41
1 41
1 41
3 42 43 44
1 45
1 45
1 45
3 46 47 48
1 49
1 49
1 49
3 50 51 52
1 53
1 53
1 53
3 54 55 56
1 57
1 57
1 57
3 58 59 60
1 61
1 61
1 61
3 62 63 64
1 65
1 65
1 65
3 66 67 68
1 69
1 69
1 69
3 70 71 72
1 73
1 73
1 73
3 74 75 76
1 77
1 77
1 77
3 78 79 80
1 81
1 81
1 81
3 82 83 84
1 85
1 85
1 85
3 86 87 88
1 89
1 89
1 89
3 90 91 92
1 93
1 93
1 93
3 94 95 96
1 97
1 97
1 97
3 98 99 100
1 101
1 101
1 101
3 102 103 104
1 105
1 105
1 105
3 106 107 108
1 109
1 109
1 109
3 110 111 112
1 113
1 113
1 113
3 114 115 116
1 117
1 117
1 117
3 118 119 120
1 121
1 121
1 121
3 122 123 124
1 125
1 125
1 125
3 126 127 128
1 129
1 129
1 129
3 130 131 132
1 133
1 133
1 133
3 134 135 136
1 137
1 137
1 137
3 138 139 140
1 141
1 141
1 141
3 142 143 144
1 145
1 145
1 145
3 146 147 148
1 149
1 149
1 149
3 150 151 152
1 153
1 153
1 153
3 154 155 156
1 157
1 157
1 157
3 158 159 160
1 161
1 161
1 161
3 162 163 164
1 165
1 165
1 165
3 166 167 168
1 169
1 169
1 169
3 170 171 172
1 173
1 173
1 173
3 174 175 176
1 177
1 177
1 177
3 178 179 180
1 181
1 181
1 181
3 182 183 184
1 185
1 185
1 185
3 186 187 188
1 189
1 189
1 189
3 190 191 192
1 193
1 193
1 193
3 194 195 196
1 197
1 197
1 197
3 198 199 200
1 201
1 201
1 201
3 202 203 204
1 205
1 205
1 205
3 206 207 208
1 209
1 209
1 209
3 210 211 212
1 213
1 213
1 213
3 214 215 216
1 217
1 217
1 217
3 218 219 220
1 221
1 221
1 221
3 222 223 224
1 225
1 225
1 225
3 226 227 228
1 229
1 229
1 229
3 230 231 232
1 233
1 233
1 233
3 234 235 236
1 237
1 237
1 237
3 238 239 240
1 241
1 241
1 241
3 242 243 244
1 245
1 245
1 245
3 246 247 248
1 249
1 249
1 249
3 250 251 252
1 253
1 253
1 253
3 254 255 256
1 257
1 257
1 257
3 258 259 260
1 261
1 261
1 261
3 262 263 264
1 265
1 265
1 265
3 266 267 268
1 269
1 269
1 269
3 270 271 272
1 273
1 273
1 273
3 274 275 276
1 277
1 277
1 277
3 278 279 280
1 281
1 281
1 281
3 282 283 284
1 285
1 285
1 285
3 286 287 288
1 289
1 289
1 289
3 290 291 292
1 293
1 293
1 293
3 294 295 296
1 297
1 297
1 297
3 298 299 300
1 301
1 301
1 301
3 302 303 304
1 305
1 305
1 305
3 306 307 308
1 309
1 309
1 309
3 310 311 312
1 313
1 313
1 313
3 314 315 316
1 317
1 317
1 317
3 318 319 320
1 321
1 321
1 321
3 322 323 324
1 325
1 325
1 325
3 326 327 328
1 329
1 329
1 329
3 330 331 332
1 333
1 333
1 333
3 334 335 336
1 337
1 337
1 337
3 338 339 340
1 341
1 341
1 341
3 342 343 344
1 345
1 345
1 345
3 346 347 348
1 349
1 349
1 349
3 350 351 352
1 353
1 353
1 353
3 354 355 356
1 357
1 357
1 357
3 358 359 360
1 361
1 361
1 361
3 362 363 364
1 365
1 365
1 365
3 366 367 368
1 369
1 369
1 369
3 370 371 372
1 373
1 373
1 373
3 374 375 376
1 377
1 377
1 377
3 378 379 380
1 381
1 381
1 381
3 382 383 384
1 385
1 385
1 385
3 386 387 388
1 389
1 389
1 389
3 390 391 392
1 393
1 393
1 393
3 394 395 396
