381
1 2118 6433 9040 9522 9676 5951 2897 1270 823 4028 8842 8143 6835 8831 2829 5798 2965 7277 207 1 639 7534 5417 6640 8834 7985 6166 4531 3762 8293 5081 1467 6870 8745 2793 2404 4012 2703 9106 1 7133 5049 1105 2803 7152 1432 908 5418 7059 6813 7351 8600 9928 2264 42 2488 6579 6171 7877 1 9378 2899 477 9118 7504 7314 7711 1195 7678 4293 6147 6426 9257 9706 8686 1223 5085 2021 1722 1 5176 1989 1902 8947 567 7241 9707 4701 3838 5176 5399 4863 1695 6688 2654 7814 2793 9908 8664 1 496 9755 513 6937 5391 5997 1187 1665 8256 6994 3873 6888 7980 7052 240 4901 281 9543 6600 1 633 1752 277 9807 2738 8754 3543 3410 7124 3540 284 5240 7419 3534 1867 6093 7699 8003 4595 1 8816 5972 4523 524 7411 2279 1972 6313 2300 680 8656 3718 215 9931 189 863 9049 4529 7831 1 9120 126 7902 6986 7119 1745 7147 644 7815 5816 6997 1580 8366 3480 2256 9558 2276 8609 5465 1 8438 4476 7556 5834 5565 7273 1016 9682 393 884 4161 1325 8775 9608 831 4050 2914 8404 5887 1 8912 2498 5396 2648 2043 7446 5867 557 8815 8242 1372 6709 4885 8712 9664 3228 3727 492 4185 1 6620 9423 5506 9961 3908 9463 3158 7964 230 7991 8077 9602 2778 6801 4011 8939 5452 5412 1680 1 6879 2926 1469 7690 3716 935 9329 7549 9105 6416 5052 6867 1629 8749 2016 1393 6580 5963 1847 1 1281 1226 2077 5320 6685 5858 9776 8592 1222 1116 3863 5025 9710 8803 5930 9174 7737 8564 3346 1 8537 9678 2070 293 8919 4606 1208 9518 4197 9482 1524 3933 880 87 1348 876 9780 425 1577 1 7075 1288 7129 4422 4677 31 5409 2915 2273 9591 1996 384 9918 5497 4983 6795 3710 7278 9385 1 8293 6240 8087 429 1820 7554 2 3605 2306 6586 6909 1383 3450 7383 3364 2909 5705 4095 8151 1 759 7947 2923 9543 5139 9587 203 3746 2735 5031 1460 3864 4447 3847 3087 990 4837 7875 2312 1 6846 3075 5518 7202 7711 1840 417 5989 8953 4038 9966 3426 4827 4449 1849 117 4906 6512 1382 1
0
1 1
1 1
1 1
1 1
1 1
1 1
1 1
1 1
1 1
1 1
1 1
1 1
1 1
1 1
1 1
1 1
1 1
1 1
1 1
19 2 3 4 5 6 7 8 9 10 11 12 13 14 15 16 17 18 19 20
1 21
1 21
1 21
1 21
1 21
1 21
1 21
1 21
1 21
1 21
1 21
1 21
1 21
1 21
1 21
1 21
1 21
1 21
1 21
19 22 23 24 25 26 27 28 29 30 31 32 33 34 35 36 37 38 39 40
1 41
1 41
1 41
1 41
1 41
1 41
1 41
1 41
1 41
1 41
1 41
1 41
1 41
1 41
1 41
1 41
1 41
1 41
1 41
19 42 43 44 45 46 47 48 49 50 51 52 53 54 55 56 57 58 59 60
1 61
1 61
1 61
1 61
1 61
1 61
1 61
1 61
1 61
1 61
1 61
1 61
1 61
1 61
1 61
1 61
1 61
1 61
1 61
19 62 63 64 65 66 67 68 69 70 71 72 73 74 75 76 77 78 79 80
1 81
1 81
1 81
1 81
1 81
1 81
1 81
1 81
1 81
1 81
1 81
1 81
1 81
1 81
1 81
1 81
1 81
1 81
1 81
19 82 83 84 85 86 87 88 89 90 91 92 93 94 95 96 97 98 99 100
1 101
1 101
1 101
1 101
1 101
1 101
1 101
1 101
1 101
1 101
1 101
1 101
1 101
1 101
1 101
1 101
1 101
1 101
1 101
19 102 103 104 105 106 107 108 109 110 111 112 113 114 115 116 117 118 119 120
1 121
1 121
1 121
1 121
1 121
1 121
1 121
1 121
1 121
1 121
1 121
1 121
1 121
1 121
1 121
1 121
1 121
1 121
1 121
19 122 123 124 125 126 127 128 129 130 131 132 133 134 135 136 137 138 139 140
1 141
1 141
1 141
1 141
1 141
1 141
1 141
1 141
1 141
1 141
1 141
1 141
1 141
1 141
1 141
1 141
1 141
1 141
1 141
19 142 143 144 145 146 147 148 149 150 151 152 153 154 155 156 157 158 159 160
1 161
1 161
1 161
1 161
1 161
1 161
1 161
1 161
1 161
1 161
1 161
1 161
1 161
1 161
1 161
1 161
1 161
1 161
1 161
19 162 163 164 165 166 167 168 169 170 171 172 173 174 175 176 177 178 179 180
1 181
1 181
1 181
1 181
1 181
1 181
1 181
1 181
1 181
1 181
1 181
1 181
1 181
1 181
1 181
1 181
1 181
1 181
1 181
19 182 183 184 185 186 187 188 189 190 191 192 193 194 195 196 197 198 199 200
1 201
1 201
1 201
1 201
1 201
1 201
1 201
1 201
1 201
1 201
1 201
1 201
1 201
1 201
1 201
1 201
1 201
1 201
1 201
19 202 203 204 205 206 207 208 209 210 211 212 213 214 215 216 217 218 219 220
1 221
1 221
1 221
1 221
1 221
1 221
1 221
1 221
1 221
1 221
1 221
1 221
1 221
1 221
1 221
1 221
1 221
1 221
1 221
19 222 223 224 225 226 227 228 229 230 231 232 233 234 235 236 237 238 239 240
1 241
1 241
1 241
1 241
1 241
1 241
1 241
1 241
1 241
1 241
1 241
1 241
1 241
1 241
1 241
1 241
1 241
1 241
1 241
19 242 243 244 245 246 247 248 249 250 251 252 253 254 255 256 257 258 259 260
1 261
1 261
1 261
1 261
1 261
1 261
1 261
1 261
1 261
1 261
1 261
1 261
1 261
1 261
1 261
1 261
1 261
1 261
1 261
19 262 263 264 265 266 267 268 269 270 271 272 273 274 275 276 277 278 279 280
1 281
1 281
1 281
1 281
1 281
1 281
1 281
1 281
1 281
1 281
1 281
1 281
1 281
1 281
1 281
1 281
1 281
1 281
1 281
19 282 283 284 285 286 287 288 289 290 291 292 293 294 295 296 297 298 299 300
1 301
1 301
1 301
1 301
1 301
1 301
1 301
1 301
1 301
1 301
1 301
1 301
1 301
1 301
1 301
1 301
1 301
1 301
1 301
19 302 303 304 305 306 307 308 309 310 311 312 313 314 315 316 317 318 319 320
1 321
1 321
1 321
1 321
1 321
1 321
1 321
1 321
1 321
1 321
1 321
1 321
1 321
1 321
1 321
1 321
1 321
1 321
1 321
19 322 323 324 325 326 327 328 329 330 331 332 333 334 335 336 337 338 339 340
1 341
1 341
1 341
1 341
1 341
1 341
1 341
1 341
1 341
1 341
1 341
1 341
1 341
1 341
1 341
1 341
1 341
1 341
1 341
19 342 343 344 345 346 347 348 349 350 351 352 353 354 355 356 357 358 359 360
1 361
1 361
1 361
1 361
1 361
1 361
1 361
1 361
1 361
1 361
1 361
1 361
1 361
1 361
1 361
1 361
1 361
1 361
1 361
19 362 363 364 365 366 367 368 369 370 371 372 373 374 375 376 377 378 379 380
