381
1 7653 6254 7225 1501 6806 4944 9863 9859 9550 3621 2839 8732 2765 388 7433 2099 5196 4390 1332 1 5102 8652 6829 5030 4928 3272 6093 667 7023 5177 3812 6441 5321 5052 5942 6751 7751 166 7551 1 3515 7660 3479 1119 4741 4646 9021 6282 9506 4919 3534 3977 1747 2885 3519 8060 4781 6197 3318 1 7855 8599 8168 559 8141 9466 8863 2497 9626 2895 7392 7082 5369 6042 5114 3415 4806 8420 570 1 9240 9321 2153 638 3319 9314 562 5140 3917 2013 9868 1395 2359 1154 3191 2219 1483 6378 8882 1 1043 8627 6603 7581 1583 3379 7921 3443 6950 978 91 6122 9811 4499 2490 6535 5035 8659 9831 1 9228 4725 6832 443 2735 9652 8989 2404 1581 5586 8557 8269 7418 6730 6214 7537 9321 5959 8567 1 8648 5240 3800 4955 9073 2003 2347 689 7848 9024 1795 7458 7413 5593 9943 4124 884 5042 9969 1 4590 2077 4718 3663 4432 9489 4181 7374 9407 1072 3507 5845 1536 9680 2241 7026 1874 1780 5815 1 7158 1730 6697 8206 2513 118 4158 5068 9546 5591 8260 8087 6864 427 4656 6881 9962 3615 538 1 4405 1558 5750 3502 7130 1987 8596 6882 4686 689 2016 5557 6029 6288 6941 6704 5336 1330 3426 1 5088 5201 5800 2288 4078 3710 9084 4489 1024 206 7702 461 9012 8862 232 4541 4136 245 8905 1 2001 2903 948 5623 5257 983 8903 9932 1452 6191 1222 6294 8941 6102 5438 372 2209 6675 4607 1 5541 4816 345 2592 3814 2711 6144 3224 6572 9006 2041 3469 4394 9477 5517 9671 9508 6617 265 1 325 3421 8372 8884 2596 3393 6161 4706 8476 5670 1164 2256 3483 5902 1504 6039 8759 2913 1074 1 5435 397 9352 7686 9461 7327 504 7306 8034 5673 9691 9140 3330 3675 8163 2340 946 8698 1952 1 9217 3679 1475 5454 8242 5971 4622 169 3667 3596 5533 7549 2041 744 7242 2896 761 104 1959 1 9408 9904 8744 8290 2837 3951 3463 2990 5200 6043 1321 8267 7550 8854 7357 625 3359 3187 6831 1 8862 1909 1060 6238 5404 2720 2005 4409 1534 4872 140 7408 3024 5575 6332 8734 6999 717 9861 1
0
1 1
1 1
1 1
1 1
1 1
1 1
1 1
1 1
1 1
1 1
1 1
1 1
1 1
1 1
1 1
1 1
1 1
1 1
1 1
19 2 3 4 5 6 7 8 9 10 11 12 13 14 15 16 17 18 19 20
1 21
1 21
1 21
1 21
1 21
1 21
1 21
1 21
1 21
1 21
1 21
1 21
1 21
1 21
1 21
1 21
1 21
1 21
1 21
19 22 23 24 25 26 27 28 29 30 31 32 33 34 35 36 37 38 39 40
1 41
1 41
1 41
1 41
1 41
1 41
1 41
1 41
1 41
1 41
1 41
1 41
1 41
1 41
1 41
1 41
1 41
1 41
1 41
19 42 43 44 45 46 47 48 49 50 51 52 53 54 55 56 57 58 59 60
1 61
1 61
1 61
1 61
1 61
1 61
1 61
1 61
1 61
1 61
1 61
1 61
1 61
1 61
1 61
1 61
1 61
1 61
1 61
19 62 63 64 65 66 67 68 69 70 71 72 73 74 75 76 77 78 79 80
1 81
1 81
1 81
1 81
1 81
1 81
1 81
1 81
1 81
1 81
1 81
1 81
1 81
1 81
1 81
1 81
1 81
1 81
1 81
19 82 83 84 85 86 87 88 89 90 91 92 93 94 95 96 97 98 99 100
1 101
1 101
1 101
1 101
1 101
1 101
1 101
1 101
1 101
1 101
1 101
1 101
1 101
1 101
1 101
1 101
1 101
1 101
1 101
19 102 103 104 105 106 107 108 109 110 111 112 113 114 115 116 117 118 119 120
1 121
1 121
1 121
1 121
1 121
1 121
1 121
1 121
1 121
1 121
1 121
1 121
1 121
1 121
1 121
1 121
1 121
1 121
1 121
19 122 123 124 125 126 127 128 129 130 131 132 133 134 135 136 137 138 139 140
1 141
1 141
1 141
1 141
1 141
1 141
1 141
1 141
1 141
1 141
1 141
1 141
1 141
1 141
1 141
1 141
1 141
1 141
1 141
19 142 143 144 145 146 147 148 149 150 151 152 153 154 155 156 157 158 159 160
1 161
1 161
1 161
1 161
1 161
1 161
1 161
1 161
1 161
1 161
1 161
1 161
1 161
1 161
1 161
1 161
1 161
1 161
1 161
19 162 163 164 165 166 167 168 169 170 171 172 173 174 175 176 177 178 179 180
1 181
1 181
1 181
1 181
1 181
1 181
1 181
1 181
1 181
1 181
1 181
1 181
1 181
1 181
1 181
1 181
1 181
1 181
1 181
19 182 183 184 185 186 187 188 189 190 191 192 193 194 195 196 197 198 199 200
1 201
1 201
1 201
1 201
1 201
1 201
1 201
1 201
1 201
1 201
1 201
1 201
1 201
1 201
1 201
1 201
1 201
1 201
1 201
19 202 203 204 205 206 207 208 209 210 211 212 213 214 215 216 217 218 219 220
1 221
1 221
1 221
1 221
1 221
1 221
1 221
1 221
1 221
1 221
1 221
1 221
1 221
1 221
1 221
1 221
1 221
1 221
1 221
19 222 223 224 225 226 227 228 229 230 231 232 233 234 235 236 237 238 239 240
1 241
1 241
1 241
1 241
1 241
1 241
1 241
1 241
1 241
1 241
1 241
1 241
1 241
1 241
1 241
1 241
1 241
1 241
1 241
19 242 243 244 245 246 247 248 249 250 251 252 253 254 255 256 257 258 259 260
1 261
1 261
1 261
1 261
1 261
1 261
1 261
1 261
1 261
1 261
1 261
1 261
1 261
1 261
1 261
1 261
1 261
1 261
1 261
19 262 263 264 265 266 267 268 269 270 271 272 273 274 275 276 277 278 279 280
1 281
1 281
1 281
1 281
1 281
1 281
1 281
1 281
1 281
1 281
1 281
1 281
1 281
1 281
1 281
1 281
1 281
1 281
1 281
19 282 283 284 285 286 287 288 289 290 291 292 293 294 295 296 297 298 299 300
1 301
1 301
1 301
1 301
1 301
1 301
1 301
1 301
1 301
1 301
1 301
1 301
1 301
1 301
1 301
1 301
1 301
1 301
1 301
19 302 303 304 305 306 307 308 309 310 311 312 313 314 315 316 317 318 319 320
1 321
1 321
1 321
1 321
1 321
1 321
1 321
1 321
1 321
1 321
1 321
1 321
1 321
1 321
1 321
1 321
1 321
1 321
1 321
19 322 323 324 325 326 327 328 329 330 331 332 333 334 335 336 337 338 339 340
1 341
1 341
1 341
1 341
1 341
1 341
1 341
1 341
1 341
1 341
1 341
1 341
1 341
1 341
1 341
1 341
1 341
1 341
1 341
19 342 343 344 345 346 347 348 349 350 351 352 353 354 355 356 357 358 359 360
1 361
1 361
1 361
1 361
1 361
1 361
1 361
1 361
1 361
1 361
1 361
1 361
1 361
1 361
1 361
1 361
1 361
1 361
1 361
19 362 363 364 365 366 367 368 369 370 371 372 373 374 375 376 377 378 379 380
