381
1 5095 1595 4520 7453 2741 3479 8928 1376 6668 2141 7807 8045 3998 3268 5995 9396 8213 4688 8991 1 3969 3392 7977 5272 5678 2732 6622 4905 4573 4171 707 9578 3320 9001 8062 5320 561 7782 4308 1 4997 6023 2468 2884 2680 444 1933 4026 1994 7355 9524 8293 3571 6705 1355 5934 9466 7560 5179 1 5922 6260 6350 9994 4034 8463 7704 6321 6892 5319 7132 6881 3864 7984 3916 5033 6288 2343 3852 1 9164 9785 4999 777 9435 5789 9107 7055 8093 9608 6205 3742 3740 8141 5803 1544 1295 9821 8342 1 413 1525 1345 2725 7288 8668 2410 6722 8587 1165 143 8302 4773 5239 6184 3425 5133 1405 8975 1 9784 7599 4260 8253 2178 4597 3774 5621 4427 7690 7816 3695 5078 9113 976 3448 7802 7627 9258 1 6215 1973 9438 9418 9876 1380 4674 5779 4894 6015 9276 6744 3586 546 3837 3980 7481 3245 5101 1 425 7162 3756 2137 1495 6797 5467 750 6550 5655 5129 1434 6276 6181 3610 3688 8016 3570 1962 1 4656 6644 9353 2585 6426 468 333 6766 5336 4154 7128 5615 5202 6001 4652 3769 8050 36 3868 1 5521 9021 767 6339 1167 2056 8181 127 625 2895 3986 8846 1771 1418 8405 3688 6296 7877 791 1 4765 9597 3981 4452 3499 3410 9025 5117 1907 1132 1339 9173 3623 5820 8421 1675 2223 7158 4486 1 5842 3867 5277 245 4092 3024 7401 7855 3392 2131 247 5076 5773 5408 319 5891 9523 6459 169 1 4394 1422 7968 6250 3562 7412 4507 5113 3790 2365 5117 9446 2291 370 8464 6622 4004 2659 8006 1 5150 6254 4246 8394 6750 5399 3206 6204 154 7395 9212 8100 9385 326 3294 4733 6221 3968 7676 1 4398 6351 4319 6222 2477 3879 6251 8317 8753 5907 8528 6668 870 7838 2373 8084 3712 5542 8691 1 6863 6069 9731 6655 4575 8780 45 2369 4591 1901 3432 8738 8509 1195 8667 2516 8714 9095 2041 1 989 9446 2289 9336 9017 4077 4082 7320 6935 6378 5675 1358 8352 8633 266 3533 1456 4047 4980 1 4372 7561 8804 8351 7588 8678 3300 5961 25 251 8695 2375 5058 6825 6598 3216 6902 2408 9561 1
0
1 1
1 1
1 1
1 1
1 1
1 1
1 1
1 1
1 1
1 1
1 1
1 1
1 1
1 1
1 1
1 1
1 1
1 1
1 1
19 2 3 4 5 6 7 8 9 10 11 12 13 14 15 16 17 18 19 20
1 21
1 21
1 21
1 21
1 21
1 21
1 21
1 21
1 21
1 21
1 21
1 21
1 21
1 21
1 21
1 21
1 21
1 21
1 21
19 22 23 24 25 26 27 28 29 30 31 32 33 34 35 36 37 38 39 40
1 41
1 41
1 41
1 41
1 41
1 41
1 41
1 41
1 41
1 41
1 41
1 41
1 41
1 41
1 41
1 41
1 41
1 41
1 41
19 42 43 44 45 46 47 48 49 50 51 52 53 54 55 56 57 58 59 60
1 61
1 61
1 61
1 61
1 61
1 61
1 61
1 61
1 61
1 61
1 61
1 61
1 61
1 61
1 61
1 61
1 61
1 61
1 61
19 62 63 64 65 66 67 68 69 70 71 72 73 74 75 76 77 78 79 80
1 81
1 81
1 81
1 81
1 81
1 81
1 81
1 81
1 81
1 81
1 81
1 81
1 81
1 81
1 81
1 81
1 81
1 81
1 81
19 82 83 84 85 86 87 88 89 90 91 92 93 94 95 96 97 98 99 100
1 101
1 101
1 101
1 101
1 101
1 101
1 101
1 101
1 101
1 101
1 101
1 101
1 101
1 101
1 101
1 101
1 101
1 101
1 101
19 102 103 104 105 106 107 108 109 110 111 112 113 114 115 116 117 118 119 120
1 121
1 121
1 121
1 121
1 121
1 121
1 121
1 121
1 121
1 121
1 121
1 121
1 121
1 121
1 121
1 121
1 121
1 121
1 121
19 122 123 124 125 126 127 128 129 130 131 132 133 134 135 136 137 138 139 140
1 141
1 141
1 141
1 141
1 141
1 141
1 141
1 141
1 141
1 141
1 141
1 141
1 141
1 141
1 141
1 141
1 141
1 141
1 141
19 142 143 144 145 146 147 148 149 150 151 152 153 154 155 156 157 158 159 160
1 161
1 161
1 161
1 161
1 161
1 161
1 161
1 161
1 161
1 161
1 161
1 161
1 161
1 161
1 161
1 161
1 161
1 161
1 161
19 162 163 164 165 166 167 168 169 170 171 172 173 174 175 176 177 178 179 180
1 181
1 181
1 181
1 181
1 181
1 181
1 181
1 181
1 181
1 181
1 181
1 181
1 181
1 181
1 181
1 181
1 181
1 181
1 181
19 182 183 184 185 186 187 188 189 190 191 192 193 194 195 196 197 198 199 200
1 201
1 201
1 201
1 201
1 201
1 201
1 201
1 201
1 201
1 201
1 201
1 201
1 201
1 201
1 201
1 201
1 201
1 201
1 201
19 202 203 204 205 206 207 208 209 210 211 212 213 214 215 216 217 218 219 220
1 221
1 221
1 221
1 221
1 221
1 221
1 221
1 221
1 221
1 221
1 221
1 221
1 221
1 221
1 221
1 221
1 221
1 221
1 221
19 222 223 224 225 226 227 228 229 230 231 232 233 234 235 236 237 238 239 240
1 241
1 241
1 241
1 241
1 241
1 241
1 241
1 241
1 241
1 241
1 241
1 241
1 241
1 241
1 241
1 241
1 241
1 241
1 241
19 242 243 244 245 246 247 248 249 250 251 252 253 254 255 256 257 258 259 260
1 261
1 261
1 261
1 261
1 261
1 261
1 261
1 261
1 261
1 261
1 261
1 261
1 261
1 261
1 261
1 261
1 261
1 261
1 261
19 262 263 264 265 266 267 268 269 270 271 272 273 274 275 276 277 278 279 280
1 281
1 281
1 281
1 281
1 281
1 281
1 281
1 281
1 281
1 281
1 281
1 281
1 281
1 281
1 281
1 281
1 281
1 281
1 281
19 282 283 284 285 286 287 288 289 290 291 292 293 294 295 296 297 298 299 300
1 301
1 301
1 301
1 301
1 301
1 301
1 301
1 301
1 301
1 301
1 301
1 301
1 301
1 301
1 301
1 301
1 301
1 301
1 301
19 302 303 304 305 306 307 308 309 310 311 312 313 314 315 316 317 318 319 320
1 321
1 321
1 321
1 321
1 321
1 321
1 321
1 321
1 321
1 321
1 321
1 321
1 321
1 321
1 321
1 321
1 321
1 321
1 321
19 322 323 324 325 326 327 328 329 330 331 332 333 334 335 336 337 338 339 340
1 341
1 341
1 341
1 341
1 341
1 341
1 341
1 341
1 341
1 341
1 341
1 341
1 341
1 341
1 341
1 341
1 341
1 341
1 341
19 342 343 344 345 346 347 348 349 350 351 352 353 354 355 356 357 358 359 360
1 361
1 361
1 361
1 361
1 361
1 361
1 361
1 361
1 361
1 361
1 361
1 361
1 361
1 361
1 361
1 361
1 361
1 361
1 361
19 362 363 364 365 366 367 368 369 370 371 372 373 374 375 376 377 378 379 380
